0115
0116
0117
0118
0119
0122
0123
0124
0201
0202
0206
0207
0208
0210
0212
0213
0215
0216
0217
0224
0225
0403
0405
0406
0407
0409
0413
0415
0420
0421
0422
0423
0425
0426
0427
0428
0429
0430
0431
0432
0433
0434
0435
0436
0439
0440
0441
0501
0503
0516
0537
0541
0707
0715
0728
0732
0901
0911
0912
0929
0947
0949
0972
0973
0974
0975
0976
0977
0978
0979
0980
0981
0982
0983
0984
0985
0986
0987
100010
1001
1104
1301
1302
1303
1304
1305
1313
1314
1315
1328
1329
1330
2228
2229
2230
2231
2233
2282
2302
2501
300005
300019
300044
30007
300131
3101
3189
3190
3191
3192
3194
3195
3196
3197
3207
3399
3400
3429
3430
3485
3486
360
3730
3813
4001
669024
A601
A705
