004997
0104
0105
0106
0108
0109
0424
100005
100006
100007
100012
100013
100014
10002
10003
10004
10009
1106
1107
1110
1112
1115
1117
1124
1125
1127
1319
1320
1321
1322
1325
1326
1345
139
143
1474
155
1814
1815
183
1840
1842
1844
1845
1850
1873
189
190
191
192
193
20002
2165
2174
2177
2333
2371
2372
2376
2386
2390
2403
2404
2405
2406
2407
2409
2410
2412
2420
269003
269004
269005
269006
269007
269008
269009
269010
269011
269012
269013
269014
269015
269016
269017
269018
269019
269020
269021
269022
269023
269024
269025
269026
279006
2986
300001
300006
300007
300008
300009
300011
300012
300013
300014
300017
300021
300035
300048
30006
300068
300070
300074
300076
300078
300092
31
310
311
312
313
314
315
316
317
3184
319
319100
3193
32
320
321
33
34
37
38
39
459154
459155
459156
459158
459159
669001
669002
669003
669004
669005
669006
669007
669008
669009
669021
809001
809002
809003
809004
809007
809008
809009
809010
809013
809017
809018
809019
809020
809021
809022
809023
809024
809025
809026
809027
809029
809031
809032
809033
809034
809035
809037
809038
809039
809040
809041
809042
809043
809044
809045
809046
809047
809048
809049
809050
809051
809052
809053
809054
809055
809056
809057
809058
809059
809060
809061
979001
979002
979003
979004
979005
979006
979007
979008
979009
979010
979011
979012
979013
979014
979015
979016
979017
979018
979019
979020
979021
979022
979023
979024
979025
979026
979027
A701
A703
